1.000000000000000000e+10
1.148153621496884155e+10
1.318256738556410027e+10
1.513561248436213303e+10
1.737800828749383545e+10
1.995262314968891144e+10
2.290867652767788696e+10
2.630267991895402908e+10
3.019951720402043915e+10
3.467368504525352478e+10
3.981071705535018158e+10
4.570881896148807526e+10
5.248074602497798157e+10
6.025595860743666840e+10
6.918309709189476013e+10
7.943282347242951965e+10
9.120108393559265137e+10
1.047128548050919952e+11
1.202264434617437744e+11
1.380384264602914734e+11
1.584893192461149902e+11
1.819700858610027161e+11
2.089296130854092102e+11
2.398832919019553528e+11
2.754228703338242188e+11
3.162277660168469849e+11
3.630780547701121826e+11
4.168693834703482666e+11
4.786300923226536865e+11
5.495408738576428223e+11
6.309573444802149658e+11
7.244359600750157471e+11
8.317637711027015381e+11
9.549925860214720459e+11
1.096478196143227661e+12
1.258925411794217773e+12
1.445439770745987061e+12
1.659586907437630859e+12
1.905460717963330078e+12
2.187761623949650391e+12
2.511886431509695312e+12
2.884031503126741211e+12
3.311311214826070312e+12
3.801893963205799316e+12
4.365158322401879883e+12
5.011872336272981445e+12
5.754399373371872070e+12
6.606934480076315430e+12
7.585775750292254883e+12
8.709635899561294922e+12
1.000000000000057227e+13
1.148153621496949805e+13
1.318256738556485547e+13
1.513561248436300000e+13
1.737800828749483008e+13
1.995262314969005469e+13
2.290867652767919922e+13
2.630267991895553516e+13
3.019951720402216797e+13
3.467368504525550781e+13
3.981071705535246094e+13
4.570881896149069531e+13
5.248074602498098438e+13
6.025595860744012500e+13
6.918309709189871875e+13
7.943282347243406250e+13
9.120108393559787500e+13
1.047128548050979844e+14
1.202264434617506562e+14
1.380384264602993906e+14
1.584893192461240625e+14
1.819700858610131250e+14
2.089296130854211875e+14
2.398832919019690938e+14
2.754228703338400000e+14
3.162277660168651250e+14
3.630780547701329375e+14
4.168693834703721875e+14
4.786300923226811250e+14
5.495408738576742500e+14
6.309573444802510000e+14
7.244359600750572500e+14
8.317637711027491250e+14
9.549925860215267500e+14
1.096478196143290500e+15
1.258925411794289750e+15
1.445439770746070000e+15
1.659586907437726000e+15
1.905460717963439250e+15
2.187761623949775500e+15
2.511886431509839000e+15
2.884031503126906500e+15
3.311311214826260000e+15
3.801893963206017000e+15
4.365158322402129500e+15
5.011872336273268000e+15
5.754399373372202000e+15
6.606934480076694000e+15
7.585775750292689000e+15
8.709635899561794000e+15
