1.000000000000000000e+10
1.318256738556404686e+10
1.737800828749369049e+10
2.290867652767760849e+10
3.019951720401994324e+10
3.981071705534936523e+10
5.248074602497669220e+10
6.918309709189277649e+10
9.120108393558966064e+10
1.202264434617393494e+11
1.584893192461084900e+11
2.089296130853998108e+11
2.754228703338106689e+11
3.630780547700928345e+11
4.786300923226262817e+11
6.309573444801762695e+11
8.317637711026470947e+11
1.096478196143151489e+12
1.445439770745880615e+12
1.905460717963182129e+12
2.511886431509489746e+12
3.311311214825785645e+12
4.365158322401486816e+12
5.754399373371331055e+12
7.585775750291509766e+12
9.999999999999550781e+12
1.318256738556345508e+13
1.737800828749291016e+13
2.290867652767657422e+13
3.019951720401858594e+13
3.981071705534757812e+13
5.248074602497432812e+13
6.918309709188966406e+13
9.120108393558556250e+13
1.202264434617339375e+14
1.584893192461013750e+14
2.089296130853904062e+14
2.754228703337983125e+14
3.630780547700765000e+14
4.786300923226047500e+14
6.309573444801478750e+14
8.317637711026096250e+14
1.096478196143102125e+15
1.445439770745815750e+15
1.905460717963096250e+15
2.511886431509376500e+15
3.311311214825637000e+15
4.365158322401290500e+15
5.754399373371072000e+15
7.585775750291169000e+15
