1.000000000000000000e+09
1.059869818882503629e+09
1.123324032978026628e+09
1.190577239378784657e+09
1.261856883066018343e+09
1.337404026110821486e+09
1.417474162926807642e+09
1.502338084331857920e+09
1.592282793341093779e+09
1.687612475788145304e+09
1.788649529057435036e+09
1.895735652406379223e+09
2.009233002565045834e+09
2.129525418521364212e+09
2.257019719633916855e+09
2.392147081462638855e+09
2.535364493970116615e+09
2.687156307025227070e+09
2.848035868435804844e+09
3.018547260049918175e+09
3.199267137797384262e+09
3.390806681894059658e+09
3.593813663804625511e+09
3.808974636954075336e+09
4.037017258596549511e+09
4.278712750694266796e+09
4.534878508128591537e+09
4.806380863064389229e+09
5.094138014816385269e+09
5.399123135125897408e+09
5.722367659350219727e+09
6.064964774694589615e+09
6.428073117284318924e+09
6.812920690579622269e+09
7.220809018385456085e+09
7.653117546501342773e+09
8.111308307896855354e+09
8.596930867190788269e+09
9.111627561154905319e+09
9.657139052966039658e+09
1.023531021899026871e+10
1.084809638800741005e+10
1.149756995397735596e+10
1.218592738471089745e+10
1.291549665014882660e+10
1.368874509537082100e+10
1.450828778495937157e+10
1.537689634694013023e+10
1.629750834620646858e+10
1.727323721912987137e+10
1.830738280295369720e+10
1.940344249557911682e+10
2.056512308348651505e+10
2.179635327779124832e+10
2.310129700083158112e+10
2.448436746822229385e+10
2.595024211399731827e+10
2.750387840931945801e+10
2.915053062825169754e+10
3.089576761729400253e+10
3.274549162877731705e+10
3.470595828181061554e+10
3.678379771828634644e+10
3.898603702549063873e+10
4.132012400115334320e+10
4.379395234130498505e+10
4.641588833612772369e+10
4.919479916408220673e+10
5.214008287999674225e+10
5.526170019854087067e+10
5.857020818056673431e+10
6.207679593624754333e+10
6.579332246575682068e+10
6.973235676545956421e+10
7.390722033525775146e+10
7.833203223083892822e+10
8.302175681319735718e+10
8.799225435691073608e+10
9.326033468832180786e+10
9.884381403503330994e+10
1.047615752789666138e+11
1.110336318167636719e+11
1.176811952434999084e+11
1.247267470886042938e+11
1.321941148466028748e+11
1.401085525598018799e+11
1.484968262254463501e+11
1.573873043161904297e+11
1.668100537200055847e+11
1.767969414240030212e+11
1.873817422860386963e+11
1.986002532585909729e+11
2.104904144512021790e+11
2.230924374408978882e+11
2.364489412645407104e+11
2.506050965530085144e+11
2.656087782946683960e+11
2.815107277447732544e+11
2.983647240283334351e+11
3.162277660168379517e+11
